--- 使用两个通道表示序列：daa游走模型+daa频率
--- 使用SMOTE上采样，规则：not majority
--- 5折交叉验证
1062	1135	1590	141	43	9	15	
1278	4563	3947	240	77	47	67	
960	2749	4424	194	81	35	34	
276	513	667	73	24	4	2	
154	357	558	44	50	9	5	
287	606	631	65	29	48	8	
76	275	204	14	3	1	117	
ACC = 0.3719549494440646 
micro recall = 0.3719549494440646
macro recall = 0.21739729168465607
micro precision = 0.3719549494440646
micro precision = 0.3025684355962364
micro AUC = 0.7920543729644263
macro AUC = 0.6544559385892333

------------
使用OneSidedSelection对1，2类下采样，其余类SMOTE上采样，卷积核尺寸：3
331	2063	1458	81	55	3	4	
346	6339	3282	139	92	12	9	
272	4338	3632	123	88	16	8	
102	865	515	56	17	1	3	
51	619	425	32	46	4	0	
62	977	562	40	19	14	0	
30	461	130	3	3	2	61	
ACC = 0.3770645172897701 

16766	806	
9224	995	
ACC = 0.639091792306862 

----- classify single label for Enzyme by resampling -------k_neighbors: 7
rate: 1
batch_size: 100
epochs: 20
kernel_size: 5
num_filters: 64
num_classes: 7
dropout: 0.25
2529	82	9	0	0	1368	7	
6004	722	26	0	1	3405	61	
5082	426	82	0	0	2865	22	
941	51	8	0	0	557	2	
705	22	1	0	1	446	2	
1023	30	0	0	0	621	0	
349	7	1	0	0	217	116	
ACC = 0.14648627253427368 
----- classify single label for Enzyme by resampling -------k_neighbors: 5
rate: 1
batch_size: 100
epochs: 20
kernel_size: 5
num_filters: 64
num_classes: 7
dropout: 0.25
3637	113	184	17	35	2	7	
8552	812	698	31	79	12	35	
6817	452	1061	30	94	4	19	
1404	37	83	12	19	2	2	
1027	35	51	9	52	1	2	
1497	81	66	4	20	5	1	
490	88	9	2	2	0	99	
ACC = 0.20431074808391206 
287	0	133	282	0	79	18	
872	0	256	607	0	221	88	
756	1	247	456	0	182	54	
102	0	54	115	0	33	7	
80	0	34	85	0	31	6	
142	0	46	103	0	39	5	
46	0	29	22	0	14	27	
ACC = 0.1286202554416262 
